,a,b,c,d,e,f,g,h
a,0,2080,991,326,2086,1080,2518,166
b,2080,0,1407,1883,993,1260,944,2225
c,991,1407,0,669,1840,148,2184,1075
d,326,1883,669,0,1965,784,2397,407
e,2086,993,1840,1965,0,1787,622,2265
f,1080,1260,148,784,1787,0,2131,1187
g,2518,944,2184,2397,622,2131,0,2697
h,166,2225,1075,407,2265,1187,2697,0